6055 8681 9620 133
9181 5614 3085 8462
8644 8470 3057 4096
6032 90   8254 5060
9148 8379 5897 9006
9480 4410 6308 4176
8227 9331 2875 4029
5818 3737 5273 4408

8379 133  6032 8470
3057 3085 5060 9620
9006 8254 8462 8681
4410 3737 4029 5614
6055 4408 9331 9148
8644 9181 9480 5818
90   4096 2875 4176
5897 8227 6308 5273

3085 6055 3737 6032
8681 4029 9480 8470
4408 8254 8379 8644
90   8227 9148 4410
9620 4096 5273 5614
133 9181 2875 9006
4176 5818 5897 3057
8462 5060 9331 6308

4096 9480 3737 8227
9006 8470 3085 90
9620 9148 8254 9181
2875 4408 5897 5614
6032 9331 4176 8681
4410 5273 8462 8644
4029 6308 3057 133
5818 5060 8379 6055

9006 4176 8227 4408
5897 9331 8644 90
5273 9148 3085 8681
5060 5614 133 9480
9181 4029 8379 4096
6308 3737 8254 8470
2875 3057 6055 4410
8462 6032 5818 9620
