3565 3615 7054 4479
3737 7876 9264 4096
5436 6536 9326 9331
5276 8379 8664 6032
7297 4029 5897 5436
9326 3737 8664 7054
8379 3565 6536 5276
7876 3615 6032 5897
9331 9264 7297 4479
4096 8664 4029 3565
5276 3615 3737 5436
8379 4029 9331 7876
6536 7054 9264 7297

6032 9326 4096 4479
9331 3565 5897 3737
7297 4096 8379 3615
5897 9326 5276 9264
6032 7054 6536 4029
5436 4479 8664 7876
7297 3615 4029 9326
4479 5897 3737 8379
9264 6032 3565 5436
5276 7876 7054 9331
8664 5897 4096 6536
9326 7297 7876 3565
5436 7054 4096 8379
8664 9264 9331 3615
6536 4479 4029 5276
3737 7297 6032 8379
